p	pp	h	hh	lang	user_id	timestamp
0.9999	0.5222	274.0000	1.0525	es->en	u:h0OT	1362083024
0.9999	0.1273	274.0000	1.0314	es->en	u:h0OT	1362083024
0.0001	0.0176	0.4583	1.0448	es->en	u:h0OT	1362083024
0.9999	0.1280	274.0000	1.0341	es->en	u:h0OT	1362083024
0.9999	0.0174	274.0000	1.0419	es->en	u:h0OT	1362083024
0.9999	0.1283	274.0000	1.0353	es->en	u:h0OT	1362083024
0.9999	0.5290	274.0000	1.0737	es->en	u:h0OT	1362083024
0.0001	0.1290	0.2308	1.0381	es->en	u:h0OT	1362083024
0.5000	0.1283	3.0670	1.0353	es->en	u:h0OT	1362083024
0.9999	0.1268	274.0000	1.0295	es->en	u:h0OT	1362083024
0.9999	0.1283	274.0000	1.0353	es->en	u:h0OT	1362083024
0.9999	0.1300	274.0000	1.0419	es->en	u:h0OT	1362083024
0.0001	0.1268	0.2313	1.0314	es->en	u:h0OT	1362083024
0.9999	0.1273	274.0000	1.0314	es->en	u:h0OT	1362083024
0.9999	0.1283	274.0000	1.0353	es->en	u:h0OT	1362083024
0.9999	0.0001	274.0000	1.0353	es->en	u:bFTu	1362083018
0.5000	0.0001	218.4494	1.0353	es->en	u:bFTu	1362083018
0.9999	0.0001	274.0000	1.0353	es->en	u:bFTu	1362083018
0.9999	0.0001	274.0000	1.0353	es->en	u:bFTu	1362083018
0.9999	0.0001	274.0000	1.0353	es->en	u:bFTu	1362083018
0.9999	0.0001	274.0000	1.0353	es->en	u:bFTu	1362083018
0.6000	0.0001	274.0000	1.0353	es->en	u:bFTu	1362083018
0.9999	0.0001	274.0000	1.0353	en->fr	u:baGO	1362083021
0.9999	0.5120	274.0000	1.0388	en->de	u:itTT	1362083019
0.9999	0.6442	274.0000	1.0388	en->de	u:itTT	1362083019
0.9999	0.6459	274.0000	1.0448	en->de	u:itTT	1362083019
0.0001	0.5126	0.0754	1.0388	en->de	u:itTT	1362083019
0.9999	0.9867	138.1412	1.0314	en->fr	u:iGN8	1362083021
0.9999	0.9990	10.5892	1.0476	en->fr	u:iGN8	1362083021
0.9999	0.9903	100.5976	1.0314	en->fr	u:iGN8	1362083021
0.9999	0.5056	274.0000	1.0529	en->fr	u:iGN8	1362083021
0.9999	0.9824	185.3113	1.0448	en->fr	u:iGN8	1362083021
0.0001	0.4985	0.0783	1.0353	en->fr	u:iGN8	1362083021
0.0001	0.9811	0.0104	1.0388	en->fr	u:iGN8	1362083021
0.9999	0.9990	10.5892	1.0437	en->fr	u:iGN8	1362083021
0.9999	0.9990	10.5892	1.0388	en->fr	u:iGN8	1362083021
0.9999	0.2523	274.0000	1.0316	en->fr	u:iGN8	1362083021
0.9999	0.2513	274.0000	1.0388	en->fr	u:iGN8	1362083021
0.9999	0.9844	161.4054	1.0295	en->fr	u:iGN8	1362083021
0.9999	0.9938	64.0166	1.0353	en->fr	u:iGN8	1362083021
0.9999	0.9990	10.5892	1.0314	en->fr	u:iGN8	1362083021
0.9999	0.9867	138.1412	1.0314	en->fr	u:iGN8	1362083021
0.9999	0.9975	25.5104	1.0353	en->fr	u:iGN8	1362083021
0.9999	0.9822	185.3113	1.0314	en->fr	u:iGN8	1362083021
0.9999	0.9990	10.5892	1.0437	en->fr	u:iGN8	1362083021
0.9999	0.9867	138.1412	1.0353	en->fr	u:iGN8	1362083021
0.9999	0.9990	10.5892	1.0497	en->fr	u:iGN8	1362083021
0.0001	0.9867	0.0104	1.0316	en->fr	u:iGN8	1362083021
0.0001	0.9823	0.0104	1.0380	en->fr	u:iGN8	1362083021
0.9999	0.9825	185.3113	1.0501	en->fr	u:iGN8	1362083021
0.9999	0.9821	195.8203	1.0856	es->en	u:ih3K	1362083018
0.9999	0.9937	65.7815	1.0437	es->en	u:ih3K	1362083018
0.9999	0.9939	65.7815	1.0816	es->en	u:ih3K	1362083018
0.9999	0.9940	65.7815	1.0898	es->en	u:ih3K	1362083018
0.9999	0.9980	20.6169	1.0448	es->en	u:ih3K	1362083018
0.9999	0.9910	109.9835	1.2149	es->en	u:ih3K	1362083018
0.9999	0.9980	20.6169	1.0550	es->en	u:ih3K	1362083018
0.9999	0.9937	65.7815	1.0388	es->en	u:ih3K	1362083018
0.9999	0.9967	35.2974	1.0679	es->en	u:ih3K	1362083018
0.9999	0.9980	20.6169	1.0501	es->en	u:ih3K	1362083018
0.9999	0.9816	195.8203	1.0529	es->en	u:ih3K	1362083018
0.9999	0.9981	20.6169	1.1126	es->en	u:ih3K	1362083018
0.9999	0.9939	65.7815	1.0816	es->en	u:ih3K	1362083018
0.9999	0.9981	20.6169	1.1071	es->en	u:ih3K	1362083018
0.9999	0.9940	65.7815	1.0976	es->en	u:ih3K	1362083018
0.9999	0.9980	20.6169	1.0476	es->en	u:ih3K	1362083018
0.9999	0.9937	65.7815	1.0448	es->en	u:ih3K	1362083018
0.9999	0.9967	35.2974	1.0576	es->en	u:ih3K	1362083018
0.9999	0.9899	109.9835	1.0816	es->en	u:ih3K	1362083018
0.9999	0.9981	20.6169	1.0696	es->en	u:ih3K	1362083018
0.9999	0.9824	195.8203	1.1058	es->en	u:ih3K	1362083018
0.9999	0.9982	20.6169	1.1370	es->en	u:ih3K	1362083018
0.9999	0.9980	20.6169	1.0419	es->en	u:ih3K	1362083018
0.9999	0.9703	274.0000	1.0750	es->en	u:ih3K	1362083018
0.9999	0.9980	20.6169	1.0447	es->en	u:ih3K	1362083018
0.9999	0.9980	20.6169	1.0476	es->en	u:ih3K	1362083018
0.9999	0.9779	241.2256	1.0784	es->en	u:ih3K	1362083018
0.9999	0.9938	65.7815	1.0570	es->en	u:ih3K	1362083018
0.9999	0.9980	20.6169	1.0448	es->en	u:ih3K	1362083018
0.9999	0.9980	20.6169	1.0475	es->en	u:ih3K	1362083018
0.9999	0.9980	20.6169	1.0476	es->en	u:ih3K	1362083018
0.9999	0.9967	35.2974	1.0631	es->en	u:ih3K	1362083018
0.0001	0.0001	1.6592	1.0553	en->es	u:hxl-	1362083019
0.0001	0.2695	0.1505	1.0574	en->es	u:hxl-	1362083019
0.0001	0.2648	0.1505	1.0435	en->es	u:hxl-	1362083019
0.0001	0.0002	0.9631	1.0402	en->es	u:hxl-	1362083019
0.0001	0.0001	1.6601	1.0448	en->es	u:hxl-	1362083019
0.9999	0.0025	274.0000	1.0468	en->es	u:hxl-	1362083019
0.9999	0.0025	274.0000	1.0497	en->es	u:hxl-	1362083019
0.0001	0.0002	0.9620	1.0447	en->es	u:hxl-	1362083019
0.0001	0.0025	0.6810	1.0502	en->es	u:hxl-	1362083019
0.9999	0.0025	274.0000	1.0497	en->es	u:hxl-	1362083019
0.9999	0.0046	274.0000	1.0402	en->es	u:hxl-	1362083019
0.0001	0.0002	0.9631	1.0584	en->es	u:hxl-	1362083019
0.0001	0.0002	0.9620	1.0597	en->es	u:hxl-	1362083019
0.9999	0.0026	274.0000	1.0515	en->es	u:hxl-	1362083019
0.0001	0.9987	0.0104	1.0744	es->en	u:iCjD	1362083023
0.9999	0.9988	13.4772	1.0903	es->en	u:iCjD	1362083023
0.9999	0.9988	13.4772	1.1228	es->en	u:iCjD	1362083023
0.9999	0.9987	13.4772	1.0755	es->en	u:iCjD	1362083023
0.0001	0.9988	0.0104	1.0898	es->en	u:iCjD	1362083023
0.9999	0.9987	13.4772	1.0715	es->en	u:iCjD	1362083023
0.9999	0.9987	13.4772	1.0640	es->en	u:iCjD	1362083023
0.9999	0.9396	274.0000	1.0838	es->en	u:iCjD	1362083023
0.9999	0.9988	13.4772	1.0800	es->en	u:iCjD	1362083023
0.9999	0.9988	13.4772	1.0932	es->en	u:iCjD	1362083023
0.9999	0.9988	13.4772	1.0981	es->en	u:iCjD	1362083023
0.0001	0.9987	0.0104	1.0646	es->en	u:iCjD	1362083023
0.9999	0.9988	13.4772	1.1400	es->en	u:iCjD	1362083023
0.9999	0.9988	13.4772	1.0998	es->en	u:iCjD	1362083023
0.9999	0.9988	13.4772	1.0903	es->en	u:iCjD	1362083023
0.9999	0.0001	274.0000	1.0985	es->en	u:bZEi	1362083023
0.9999	0.0001	274.0000	1.0314	es->en	u:bZEi	1362083023
0.9999	0.0001	274.0000	1.0314	es->en	u:bZEi	1362083023
0.9999	0.0001	274.0000	1.0772	es->en	u:bZEi	1362083023
0.9999	0.0001	274.0000	1.1136	es->en	u:bZEi	1362083023
0.9999	0.0001	274.0000	1.0268	es->en	u:bZEi	1362083023
0.0001	0.4640	0.0863	1.0353	es->en	u:bZEi	1362083023
0.9999	0.0001	274.0000	1.0898	es->en	u:bZEi	1362083023
0.9999	0.0001	274.0000	1.0353	es->en	u:bZEi	1362083023
0.9999	0.4652	274.0000	1.0388	es->en	u:bZEi	1362083023
0.9999	0.0001	274.0000	1.0353	es->en	u:bZEi	1362083023
0.9999	0.0001	274.0000	1.0719	es->en	u:bZEi	1362083023
0.9999	0.0001	274.0000	1.0268	es->en	u:bZEi	1362083023
0.9999	0.0001	274.0000	1.0619	es->en	u:bZEi	1362083023
0.9999	0.0001	274.0000	1.0314	es->en	u:bZEi	1362083023
0.9999	0.0001	274.0000	1.1314	es->en	u:bZEi	1362083023
0.0001	0.4620	0.0863	1.0295	es->en	u:bZEi	1362083023
0.9999	0.4640	274.0000	1.0353	es->en	u:bZEi	1362083023
0.9999	0.0001	274.0000	1.0904	es->en	u:bZEi	1362083023
0.5000	0.4636	1.1468	1.0341	es->en	u:bZEi	1362083023
0.9999	0.0001	274.0000	1.0675	es->en	u:bZEi	1362083023
0.8333	0.0049	30.8681	1.0574	en->it	u:iaXV	1362083020
0.8000	0.0012	31.1400	1.0388	en->it	u:iaXV	1362083020
0.9999	0.0045	274.0000	1.0415	en->it	u:iaXV	1362083020
0.9999	0.0044	274.0000	1.0388	en->it	u:iaXV	1362083020
0.9999	0.0013	274.0000	1.0447	en->it	u:iaXV	1362083020
0.9999	0.0013	274.0000	1.0415	en->it	u:iaXV	1362083020
0.6667	0.0046	13.8802	1.0475	en->it	u:iaXV	1362083020
0.9999	0.9982	19.0927	1.0584	en->es	u:iG05	1362083027
0.9999	0.6603	274.0000	1.0592	en->de	u:iKaz	1362083026
0.9999	0.6585	274.0000	1.0524	en->de	u:iKaz	1362083026
0.9999	0.5902	274.0000	1.0268	en->de	u:iKaz	1362083026
0.9999	0.6147	274.0000	1.0454	en->de	u:iKaz	1362083026
0.9999	0.6590	274.0000	1.0542	en->de	u:iKaz	1362083026
0.9999	0.6120	274.0000	1.0362	en->de	u:iKaz	1362083026
0.0001	0.6063	0.0558	1.0268	en->de	u:iKaz	1362083026
0.9999	0.6530	274.0000	1.0316	en->de	u:iKaz	1362083026
0.9999	0.6135	274.0000	1.0415	en->de	u:iKaz	1362083026
0.9999	0.6542	274.0000	1.0362	en->de	u:iKaz	1362083026
0.9999	0.6580	274.0000	1.0503	en->de	u:iKaz	1362083026
0.9999	0.6147	274.0000	1.0454	en->de	u:iKaz	1362083026
0.9999	0.6537	274.0000	1.0341	en->de	u:iKaz	1362083026
0.9999	0.9190	274.0000	1.0314	en->de	u:iKaz	1362083026
0.9999	0.6578	274.0000	1.0497	en->de	u:iKaz	1362083026
0.9999	0.6542	274.0000	1.0362	en->de	u:iKaz	1362083026
0.9999	0.6240	274.0000	1.0447	en->de	u:iKaz	1362083026
0.9999	0.6530	274.0000	1.0316	en->de	u:iKaz	1362083026
0.9999	0.5954	274.0000	1.0402	en->de	u:iKaz	1362083026
0.9999	0.9989	11.3914	1.0448	es->en	u:iH3V	1362083032
0.9999	0.9989	11.3914	1.0420	es->en	u:iH3V	1362083032
0.5000	0.3308	1.6657	1.0437	es->en	u:iH3V	1362083032
0.9999	0.3273	274.0000	1.0353	es->en	u:iH3V	1362083032
0.0001	0.3309	0.1253	1.0437	es->en	u:iH3V	1362083032
0.7500	0.9989	0.0104	1.0486	es->en	u:iH3V	1362083032
0.9999	0.9989	11.3914	1.0800	es->en	u:iH3V	1362083032
0.5000	0.3283	1.6683	1.0381	es->en	u:iH3V	1362083032
0.9999	0.9981	20.1356	1.0388	es->en	u:iH3V	1362083032
0.9999	0.9989	11.3914	1.0813	es->en	u:iH3V	1362083032
0.9999	0.9989	11.3914	1.0524	es->en	u:iH3V	1362083032
0.9999	0.9989	11.3914	1.0388	es->en	u:iH3V	1362083032
0.9999	0.0001	274.0000	1.0468	es->en	u:fPAR	1362083029
0.9999	0.0001	274.0000	1.0415	es->en	u:fPAR	1362083029
0.9999	0.0001	274.0000	1.0341	es->en	u:fPAR	1362083029
0.9999	0.0001	274.0000	1.0419	es->en	u:fPAR	1362083029
0.5000	0.0001	56.1935	1.0672	es->en	u:fPAR	1362083029
0.6667	0.0001	96.0635	1.0542	es->en	u:fPAR	1362083029
0.9999	0.0001	274.0000	1.0447	es->en	u:fPAR	1362083029
0.9999	0.0001	274.0000	1.0437	es->en	u:fPAR	1362083029
0.9999	0.0001	274.0000	1.0419	es->en	u:fPAR	1362083029
0.9999	0.0001	274.0000	1.0497	es->en	u:fPAR	1362083029
0.9999	0.0001	274.0000	1.0437	es->en	u:fPAR	1362083029
0.9999	0.0001	274.0000	1.0448	es->en	u:fPAR	1362083029
0.9999	0.0001	274.0000	1.0529	es->en	u:fPAR	1362083029
0.9999	0.0001	274.0000	1.0515	es->en	u:fPAR	1362083029
0.9999	0.0001	274.0000	1.0419	es->en	u:fPAR	1362083029
0.6000	0.0001	76.2499	1.0860	es->en	u:fPAR	1362083029
0.5000	0.0001	56.1935	1.0476	es->en	u:fPAR	1362083029
0.6667	0.0001	96.0635	1.0756	es->en	u:fPAR	1362083029
0.6667	0.0001	96.0635	1.0475	es->en	u:fPAR	1362083029
0.5000	0.0001	56.1935	1.0649	es->en	u:fPAR	1362083029
0.9999	0.0001	274.0000	1.0448	en->de	u:bx1r	1362083032
0.6667	0.0001	163.0799	1.0447	en->de	u:bx1r	1362083032
0.9999	0.0001	274.0000	1.0448	en->de	u:bx1r	1362083032
0.9999	0.0001	274.0000	1.0448	en->de	u:bx1r	1362083032
0.6667	0.0001	163.0799	1.0448	en->de	u:bx1r	1362083032
0.9999	0.0001	274.0000	1.0448	en->de	u:bx1r	1362083032
0.9999	0.0001	274.0000	1.0419	en->de	u:bx1r	1362083032
0.9999	0.9940	63.0540	1.0402	en->de	u:dBAG	1362083034
0.9999	0.1291	274.0000	1.0448	en->de	u:dBAG	1362083034
0.9999	0.1357	274.0000	1.0687	en->de	u:dBAG	1362083034
0.9999	0.5436	274.0000	1.0388	en->de	u:dBAG	1362083034
0.9999	0.9942	63.0540	1.0772	en->de	u:dBAG	1362083034
0.9999	0.1290	274.0000	1.0447	en->de	u:dBAG	1362083034
0.9999	0.9942	63.0540	1.0791	en->de	u:dBAG	1362083034
0.9999	0.5453	274.0000	1.0553	en->de	u:dBAG	1362083034
0.9999	0.5419	274.0000	1.0447	en->de	u:dBAG	1362083034
0.9999	0.9941	63.0540	1.0592	en->de	u:dBAG	1362083034
0.9999	0.1309	274.0000	1.0501	en->de	u:dBAG	1362083034
0.9999	0.0001	274.0000	1.0570	en->de	u:dBAG	1362083034
0.9999	0.9940	63.0540	1.0447	en->de	u:dBAG	1362083034
0.9999	0.9941	63.0540	1.0722	en->de	u:dBAG	1362083034
0.9999	0.0010	274.0000	1.0341	en->de	u:dBAG	1362083034
0.9999	0.9939	63.0540	1.0341	en->de	u:dBAG	1362083034
0.9999	0.5446	274.0000	1.0419	en->de	u:dBAG	1362083034
0.9999	0.9942	63.0540	1.0789	en->de	u:dBAG	1362083034
0.9999	0.1289	274.0000	1.0419	en->de	u:dBAG	1362083034
0.9999	0.0001	274.0000	1.0295	en->de	u:dBAG	1362083034
0.0001	0.5420	0.0695	1.0448	en->de	u:dBAG	1362083034
0.9999	0.9940	63.0540	1.0447	en->de	u:dBAG	1362083034
0.9999	0.0001	274.0000	1.0353	en->de	u:dBAG	1362083034
0.0001	0.0001	4.7641	1.0295	en->de	u:dBAG	1362083034
0.9999	0.0001	274.0000	1.0314	en->de	u:dBAG	1362083034
0.9999	0.5411	274.0000	1.0419	en->de	u:dBAG	1362083034
0.9999	0.1274	274.0000	1.0381	en->de	u:dBAG	1362083034
0.9999	0.9939	63.0540	1.0341	en->de	u:dBAG	1362083034
0.4000	0.9842	0.0181	1.0415	en->es	u:iLZb	1362083026
0.6667	0.9841	0.0409	1.0314	en->es	u:iLZb	1362083026
0.9999	0.9842	165.8175	1.0415	en->es	u:iLZb	1362083026
0.9999	0.9842	165.8175	1.0381	en->es	u:iLZb	1362083026
0.9999	0.9842	165.8175	1.0388	en->es	u:iLZb	1362083026
0.8000	0.9842	0.0743	1.0381	en->es	u:iLZb	1362083026
0.0001	0.9840	0.0104	1.0295	en->es	u:iLZb	1362083026
0.6667	0.9841	0.0409	1.0314	en->es	u:iLZb	1362083026
0.9999	0.9952	49.3361	1.0314	en->es	u:iw9W	1362083027
0.9999	0.9952	49.3361	1.0341	en->es	u:iw9W	1362083027
0.7500	0.9953	0.0172	1.0381	en->es	u:iw9W	1362083027
0.8000	0.9952	0.0221	1.0341	en->es	u:iw9W	1362083027
0.8000	0.9953	0.0221	1.0381	en->es	u:iw9W	1362083027
0.6667	0.9952	0.0122	1.0295	en->es	u:iw9W	1362083027
0.9999	0.9952	49.3361	1.0314	en->es	u:iw9W	1362083027
0.9999	0.9952	49.3361	1.0353	en->es	u:iw9W	1362083027
0.9999	0.0001	274.0000	1.0353	en->es	u:f-G3	1362083035
0.9999	0.0001	274.0000	1.0314	en->es	u:f-G3	1362083035
0.9999	0.0001	274.0000	1.0475	en->es	u:f-G3	1362083035
0.9999	0.0001	274.0000	1.0314	en->es	u:f-G3	1362083035
0.0001	0.0001	3.6341	1.0353	en->es	u:f-G3	1362083035
0.9999	0.0001	274.0000	1.0314	en->es	u:f-G3	1362083035
0.9999	0.0001	274.0000	1.0295	en->es	u:f-G3	1362083035
0.9999	0.0001	274.0000	1.0353	en->es	u:f-G3	1362083035
0.0001	0.0001	2.8621	1.0353	en->es	u:f-G3	1362083035
0.9999	0.0001	274.0000	1.0353	en->es	u:f-G3	1362083035
0.9999	0.0001	274.0000	1.0353	en->es	u:f-G3	1362083035
0.9999	0.0001	274.0000	1.0448	en->es	u:f-G3	1362083035
0.9999	0.0001	274.0000	1.0388	en->es	u:f-G3	1362083035
0.9999	0.0001	274.0000	1.0314	en->es	u:f-G3	1362083035
0.0001	0.0001	2.8617	1.0353	en->es	u:f-G3	1362083035
0.9999	0.0001	274.0000	1.0314	en->es	u:f-G3	1362083035
0.9999	0.0001	274.0000	1.0529	en->es	u:f-G3	1362083035
0.9999	0.0001	274.0000	1.0381	en->es	u:f-G3	1362083035
0.0001	0.0001	2.7857	1.0314	en->es	u:f-G3	1362083035
0.9999	0.0001	274.0000	1.0316	en->es	u:f-G3	1362083035
0.9999	0.0001	274.0000	1.0314	en->es	u:f-G3	1362083035
0.9999	0.0001	274.0000	1.0314	en->es	u:f-G3	1362083035
0.9999	0.0001	274.0000	1.0419	en->es	u:f-G3	1362083035
0.9999	0.0001	274.0000	1.0353	en->es	u:f-G3	1362083035
0.9999	0.0001	274.0000	1.0314	en->es	u:f-G3	1362083035
0.9999	0.0001	274.0000	1.0314	en->es	u:f-G3	1362083035
0.9999	0.0001	274.0000	1.0550	en->es	u:f-G3	1362083035
0.0001	0.0001	2.7859	1.0353	en->es	u:f-G3	1362083035
0.0001	0.0001	22.1482	1.0353	es->en	u:mgu	1362083027
0.9999	0.9133	274.0000	1.0353	es->en	u:mgu	1362083027
0.9999	0.9041	274.0000	1.0576	es->en	u:mgu	1362083027
0.5000	0.9132	0.1382	1.0553	es->en	u:mgu	1362083027
0.9999	0.0001	274.0000	1.0419	es->en	u:mgu	1362083027
0.9999	0.0001	274.0000	1.0576	es->en	u:mgu	1362083027
0.5000	0.0001	274.0000	1.0619	es->en	u:mgu	1362083027
0.0001	0.9035	0.0116	1.0503	es->en	u:mgu	1362083027
0.9999	0.9039	274.0000	1.0381	es->en	u:mgu	1362083027
0.5000	0.0001	274.0000	1.0619	es->en	u:mgu	1362083027
0.9999	0.0001	274.0000	1.0503	es->en	u:mgu	1362083027
0.9999	0.0001	274.0000	1.0353	es->en	u:mgu	1362083027
0.5000	0.9135	0.1382	1.0591	es->en	u:mgu	1362083027
0.6667	0.9149	0.2363	1.0772	es->en	u:mgu	1362083027
0.9999	0.9018	274.0000	1.0314	es->en	u:mgu	1362083027
0.0001	0.9137	0.0104	1.0619	es->en	u:mgu	1362083027
0.9999	0.0001	274.0000	1.0448	es->en	u:mgu	1362083027
0.9999	0.9129	274.0000	1.0314	es->en	u:mgu	1362083027
0.9999	0.0001	274.0000	1.0314	es->en	u:mgu	1362083027
0.9999	0.9039	274.0000	1.0553	es->en	u:mgu	1362083027
0.9999	0.9048	274.0000	1.0661	es->en	u:mgu	1362083027
0.9999	0.0001	274.0000	1.0476	es->en	u:mgu	1362083027
0.6667	0.0001	274.0000	1.0550	es->en	u:mgu	1362083027
0.9999	0.0001	274.0000	1.0515	es->en	u:mgu	1362083027
0.9999	0.0001	274.0000	1.0553	es->en	u:mgu	1362083027
0.9999	0.0001	274.0000	1.0598	es->en	u:mgu	1362083027
0.0001	0.0001	23.1026	1.0388	es->en	u:mgu	1362083027
0.9999	0.0001	274.0000	1.0553	es->en	u:mgu	1362083027
0.9999	0.0001	274.0000	1.0353	es->en	u:mgu	1362083027
0.9999	0.9137	274.0000	1.0620	es->en	u:mgu	1362083027
0.0001	0.0001	23.1641	1.0447	es->en	u:mgu	1362083027
0.5000	0.9160	0.1382	1.0918	es->en	u:mgu	1362083027
0.9999	0.0001	274.0000	1.0529	es->en	u:mgu	1362083027
0.8000	0.0652	12.5616	1.0268	it->en	u:hChj	1362083031
0.9999	0.0048	274.0000	1.0415	en->it	u:umr	1362083032
0.9999	0.1332	274.0000	1.0362	en->it	u:umr	1362083032
0.9999	0.0001	274.0000	1.0353	en->it	u:umr	1362083032
0.9999	0.2578	274.0000	1.0295	en->it	u:umr	1362083032
0.9999	0.9948	53.3472	1.0314	en->it	u:umr	1362083032
0.9999	0.2569	274.0000	1.0268	en->it	u:umr	1362083032
0.9999	0.2585	274.0000	1.0314	en->it	u:umr	1362083032
0.9999	0.9949	53.3472	1.0353	en->it	u:umr	1362083032
0.9999	0.9949	53.3472	1.0353	en->it	u:umr	1362083032
0.9999	0.1325	274.0000	1.0314	en->it	u:umr	1362083032
0.9999	0.2585	274.0000	1.0314	en->it	u:umr	1362083032
0.9999	0.2574	274.0000	1.0268	en->it	u:umr	1362083032
0.9999	0.2594	274.0000	1.0314	en->it	u:umr	1362083032
0.9999	0.9949	53.3472	1.0341	en->it	u:umr	1362083032
0.9999	0.9949	53.3472	1.0353	en->it	u:umr	1362083032
0.9999	0.2590	274.0000	1.0314	en->it	u:umr	1362083032
0.9999	0.9949	53.3472	1.0353	en->it	u:umr	1362083032
0.9999	0.9949	53.3472	1.0341	en->it	u:umr	1362083032
0.9999	0.1332	274.0000	1.0341	en->it	u:umr	1362083032
0.9999	0.9949	53.3472	1.0353	en->it	u:umr	1362083032
0.9999	0.0437	274.0000	1.0550	pt->en	u:hAY3	1362083036
0.9999	0.0406	274.0000	1.0314	pt->en	u:hAY3	1362083036
0.9999	0.0430	274.0000	1.0501	pt->en	u:hAY3	1362083036
0.6667	0.0103	11.6282	1.0314	pt->en	u:ie3Z	1362083036
0.9999	0.0103	274.0000	1.0295	pt->en	u:ie3Z	1362083036
0.9999	0.0103	274.0000	1.0314	pt->en	u:ie3Z	1362083036
0.9999	0.0101	274.0000	1.0268	pt->en	u:ie3Z	1362083036
0.9999	0.0103	274.0000	1.0295	pt->en	u:ie3Z	1362083036
0.9999	0.0103	274.0000	1.0314	pt->en	u:ie3Z	1362083036
0.0001	0.4675	0.0858	1.0388	pt->en	u:io2U	1362083032
0.0001	0.0173	0.4597	1.0437	pt->en	u:io2U	1362083032
0.0001	0.0173	0.4597	1.0437	pt->en	u:io2U	1362083032
0.9999	0.0565	274.0000	1.0268	pt->en	u:io2U	1362083032
0.0001	0.0604	0.3201	1.0502	pt->en	u:io2U	1362083032
0.0001	0.0586	0.3201	1.0388	pt->en	u:io2U	1362083032
0.0001	0.0588	0.3203	1.0415	pt->en	u:io2U	1362083032
0.9999	0.0580	274.0000	1.0353	pt->en	u:io2U	1362083032
0.0001	0.0617	0.3201	1.0584	pt->en	u:io2U	1362083032
0.9999	0.0591	274.0000	1.0419	pt->en	u:io2U	1362083032
0.9999	0.0578	274.0000	1.0341	pt->en	u:io2U	1362083032
0.9999	0.2428	274.0000	1.0945	es->en	u:gHYp	1362083034
0.9999	0.0001	274.0000	1.0314	es->en	u:gHYp	1362083034
0.9999	0.5312	274.0000	1.0268	es->en	u:gHYp	1362083034
0.9999	0.5343	274.0000	1.0362	es->en	u:gHYp	1362083034
0.9999	0.1190	274.0000	1.0503	es->en	u:gHYp	1362083034
0.9999	0.2390	274.0000	1.0824	es->en	u:gHYp	1362083034
0.9999	0.2325	274.0000	1.0619	es->en	u:gHYp	1362083034
0.9999	0.5368	274.0000	1.0353	es->en	u:gHYp	1362083034
0.9999	0.2374	274.0000	1.0772	es->en	u:gHYp	1362083034
0.9999	0.5336	274.0000	1.0341	es->en	u:gHYp	1362083034
0.9999	0.5365	274.0000	1.0341	es->en	u:gHYp	1362083034
0.6667	0.1233	5.5132	1.0679	es->en	u:gHYp	1362083034
0.9999	0.5312	274.0000	1.0268	es->en	u:gHYp	1362083034
0.9999	0.5340	274.0000	1.0353	es->en	u:gHYp	1362083034
0.5000	0.5327	0.9372	1.0314	es->en	u:gHYp	1362083034
0.9999	0.2498	274.0000	1.1170	es->en	u:gHYp	1362083034
0.9999	0.5356	274.0000	1.0314	es->en	u:gHYp	1362083034
0.9999	0.5377	274.0000	1.0381	es->en	u:gHYp	1362083034
0.9999	0.2468	274.0000	1.1071	es->en	u:gHYp	1362083034
0.9999	0.5368	274.0000	1.0353	es->en	u:gHYp	1362083034
0.9999	0.1539	274.0000	1.0696	es->en	u:gHYp	1362083034
0.9999	0.0679	274.0000	1.0268	it->en	u:izvu	1362083035
0.9999	0.9154	274.0000	1.0468	it->en	u:izvu	1362083035
0.9999	0.0594	274.0000	1.0388	it->en	u:izvu	1362083035
0.9999	0.0001	274.0000	1.0353	es->en	u:dfY9	1362083033
0.9999	0.0001	274.0000	1.0314	es->en	u:dfY9	1362083033
0.9999	0.0001	274.0000	1.0314	es->en	u:dfY9	1362083033
0.9999	0.0001	274.0000	1.0381	es->en	u:dfY9	1362083033
0.9999	0.0001	274.0000	1.0353	es->en	u:dfY9	1362083033
0.9999	0.0001	274.0000	1.0353	es->en	u:dfY9	1362083033
0.9999	0.0001	274.0000	1.0353	es->en	u:dfY9	1362083033
0.9999	0.0227	274.0000	1.0268	en->de	u:irUU	1362083038
0.9999	0.0242	274.0000	1.0448	en->de	u:irUU	1362083038
0.9999	0.0244	274.0000	1.0448	en->de	u:irUU	1362083038
0.9999	0.0345	274.0000	1.0388	en->de	u:irUU	1362083038
0.9999	0.0337	274.0000	1.0314	en->de	u:irUU	1362083038
0.9999	0.0228	274.0000	1.0268	en->de	u:irUU	1362083038
0.9999	0.0231	274.0000	1.0314	en->de	u:irUU	1362083038
0.9999	0.0236	274.0000	1.0362	en->de	u:irUU	1362083038
0.9999	0.0240	274.0000	1.0419	en->de	u:irUU	1362083038
0.9999	0.0233	274.0000	1.0314	en->de	u:irUU	1362083038
0.9999	0.0251	274.0000	1.0525	en->de	u:irUU	1362083038
0.9999	0.0238	274.0000	1.0388	en->de	u:irUU	1362083038
0.9999	0.0238	274.0000	1.0388	en->de	u:irUU	1362083038
0.9999	0.0088	274.0000	1.0295	es->en	u:hckO	1362083041
0.9999	0.0088	274.0000	1.0314	es->en	u:hckO	1362083041
0.9999	0.0090	274.0000	1.0314	es->en	u:hckO	1362083041
0.9999	0.0089	274.0000	1.0314	es->en	u:hckO	1362083041
0.9999	0.0091	274.0000	1.0362	es->en	u:hckO	1362083041
0.9999	0.0024	274.0000	1.0353	es->en	u:hckO	1362083041
0.9999	0.0090	274.0000	1.0341	es->en	u:hckO	1362083041
0.9999	0.0027	274.0000	1.0553	es->en	u:hckO	1362083041
0.9999	0.0090	274.0000	1.0353	es->en	u:hckO	1362083041
0.9999	0.0090	274.0000	1.0314	es->en	u:hckO	1362083041
0.9999	0.0001	274.0000	1.0784	es->en	u:hckO	1362083041
0.5000	0.0088	7.0363	1.0314	es->en	u:hckO	1362083041
0.9999	0.0091	274.0000	1.0341	es->en	u:hckO	1362083041
0.9999	0.0001	274.0000	1.0501	es->en	u:hckO	1362083041
0.9999	0.0028	274.0000	1.0651	es->en	u:hckO	1362083041
0.9999	0.0029	274.0000	1.0687	es->en	u:hckO	1362083041
0.9999	0.0091	274.0000	1.0341	es->en	u:hckO	1362083041
0.9999	0.0091	274.0000	1.0353	es->en	u:hckO	1362083041
0.9999	0.0090	274.0000	1.0353	es->en	u:hckO	1362083041
0.9999	0.0092	274.0000	1.0381	es->en	u:hckO	1362083041
0.9999	0.0001	274.0000	1.0853	es->en	u:hckO	1362083041
0.9999	0.0024	274.0000	1.0341	es->en	u:hckO	1362083041
0.9999	0.0090	274.0000	1.0314	es->en	u:hckO	1362083041
0.9999	0.0001	274.0000	1.0592	es->en	u:hckO	1362083041
0.9999	0.0091	274.0000	1.0341	es->en	u:hckO	1362083041
0.0001	0.0001	2.1719	1.0576	es->en	u:hckO	1362083041
0.9999	0.0090	274.0000	1.0341	es->en	u:hckO	1362083041
0.0001	0.0031	0.6796	1.0861	es->en	u:hckO	1362083041
0.9999	0.0001	274.0000	1.0503	es->en	u:hckO	1362083041
0.9999	0.4810	274.0000	1.0501	es->en	u:iiqP	1362083044
0.5000	0.4849	1.1088	1.0620	es->en	u:iiqP	1362083044
0.9999	0.4824	274.0000	1.0542	es->en	u:iiqP	1362083044
0.6667	0.4835	1.8955	1.0576	es->en	u:iiqP	1362083044
0.9999	0.4826	274.0000	1.0548	es->en	u:iiqP	1362083044
0.9999	0.4908	274.0000	1.0800	es->en	u:iiqP	1362083044
0.6667	0.4792	1.8955	1.0447	es->en	u:iiqP	1362083044
0.9999	0.9991	9.2255	1.0719	en->es	u:h1FQ	1362083037
0.9999	0.9982	18.9322	1.0553	en->es	u:h1FQ	1362083037
0.9999	0.9992	9.2255	1.1090	en->es	u:h1FQ	1362083037
0.9999	0.9962	40.5118	1.0591	en->es	u:h1FQ	1362083037
0.9999	0.9962	40.5118	1.0612	en->es	u:h1FQ	1362083037
0.9999	0.9992	9.2255	1.0956	en->es	u:h1FQ	1362083037
0.9999	0.6800	274.0000	1.0987	en->es	u:h1FQ	1362083037
0.9999	0.6709	274.0000	1.0680	en->es	u:h1FQ	1362083037
0.9999	0.9992	9.2255	1.1130	en->es	u:h1FQ	1362083037
0.9999	0.9991	9.2255	1.0640	en->es	u:h1FQ	1362083037
0.9999	0.9977	25.5104	1.1281	en->es	u:h1FQ	1362083037
0.9999	0.9977	25.5104	1.0876	en->es	u:h1FQ	1362083037
0.9999	0.9992	9.2255	1.1090	en->es	u:h1FQ	1362083037
0.9999	0.9991	9.2255	1.0612	en->es	u:h1FQ	1362083037
0.9999	0.9962	40.5118	1.0631	en->es	u:h1FQ	1362083037
0.9999	0.9963	40.5118	1.0787	en->es	u:h1FQ	1362083037
0.9999	0.9983	18.9322	1.0853	en->es	u:h1FQ	1362083037
0.9999	0.9992	9.2255	1.1175	en->es	u:h1FQ	1362083037
0.9999	0.6770	274.0000	1.0861	en->es	u:h1FQ	1362083037
0.9999	0.6691	274.0000	1.0669	en->es	u:h1FQ	1362083037
0.9999	0.9991	9.2255	1.0598	en->es	u:h1FQ	1362083037
0.9999	0.9977	25.5104	1.0856	en->es	u:h1FQ	1362083037
0.9999	0.9991	9.2255	1.0641	en->es	u:h1FQ	1362083037
0.9999	0.9992	9.2255	1.0956	en->es	u:h1FQ	1362083037
0.9999	0.9983	18.9322	1.0847	en->es	u:h1FQ	1362083037
0.9999	0.1385	274.0000	1.0755	en->es	u:gIYK	1362083037
0.9999	0.2760	274.0000	1.0553	en->es	u:gIYK	1362083037
0.9999	0.9958	43.8009	1.0419	en->es	u:gIYK	1362083037
0.0001	0.9958	0.0104	1.0448	en->es	u:gIYK	1362083037
0.9999	0.1300	274.0000	1.0419	en->es	u:gIYK	1362083037
0.9999	0.1354	274.0000	1.0631	en->es	u:gIYK	1362083037
0.9999	0.9958	43.8009	1.0501	en->es	u:gIYK	1362083037
0.9999	0.9960	43.8009	1.0982	en->es	u:gIYK	1362083037
0.9999	0.1314	274.0000	1.0475	en->es	u:gIYK	1362083037
0.9999	0.9960	43.8009	1.0918	en->es	u:gIYK	1362083037
0.9999	0.1314	274.0000	1.0475	en->es	u:gIYK	1362083037
0.9999	0.9959	43.8009	1.0641	en->es	u:gIYK	1362083037
0.9999	0.1292	274.0000	1.0388	en->es	u:gIYK	1362083037
0.9999	0.1416	274.0000	1.0876	en->es	u:gIYK	1362083037
0.9999	0.1307	274.0000	1.0448	en->es	u:gIYK	1362083037
0.9999	0.1300	274.0000	1.0419	en->es	u:gIYK	1362083037
0.9999	0.1354	274.0000	1.0631	en->es	u:gIYK	1362083037
0.9999	0.9959	43.8009	1.0679	en->es	u:gIYK	1362083037
0.9999	0.9960	43.8009	1.0876	en->es	u:gIYK	1362083037
0.9999	0.3862	274.0000	1.0553	en->es	u:gIYK	1362083037
0.9999	0.1307	274.0000	1.0448	en->es	u:gIYK	1362083037
0.9999	0.9959	43.8009	1.0576	en->es	u:gIYK	1362083037
0.9999	0.9959	43.8009	1.0771	en->es	u:gIYK	1362083037
0.9999	0.1343	274.0000	1.0591	en->es	u:gIYK	1362083037
0.9999	0.9959	43.8009	1.0651	en->es	u:gIYK	1362083037
0.9999	0.9959	43.8009	1.0570	en->es	u:gIYK	1362083037
0.9999	0.1405	274.0000	1.0831	en->es	u:gIYK	1362083037
0.9999	0.9959	43.8009	1.0789	en->es	u:gIYK	1362083037
0.9999	0.9959	43.8009	1.0767	en->es	u:gIYK	1362083037
0.9999	0.9959	43.8009	1.0640	en->es	u:gIYK	1362083037
0.9999	0.1314	274.0000	1.0475	en->es	u:gIYK	1362083037
0.9999	0.3951	274.0000	1.0802	en->es	u:gIYK	1362083037
0.9999	0.3835	274.0000	1.0475	en->es	u:gIYK	1362083037
0.9999	0.0886	274.0000	1.0755	es->en	u:fTCP	1362083041
0.9999	0.9914	90.4897	1.0448	es->en	u:fTCP	1362083041
0.9999	0.6163	274.0000	1.0353	es->en	u:fTCP	1362083041
0.9999	0.1002	274.0000	1.1278	es->en	u:fTCP	1362083041
0.9999	0.6302	274.0000	1.0631	es->en	u:fTCP	1362083041
0.9999	0.9914	90.4897	1.0524	es->en	u:fTCP	1362083041
0.9999	0.6093	274.0000	1.0419	es->en	u:fTCP	1362083041
0.9999	0.6197	274.0000	1.0381	es->en	u:fTCP	1362083041
0.0001	0.0001	1.1113	1.0800	es->en	u:fTCP	1362083041
0.0001	0.0817	0.3023	1.1114	es->en	u:fTCP	1362083041
0.9999	0.6278	274.0000	1.0388	es->en	u:fTCP	1362083041
0.9999	0.6294	274.0000	1.0353	es->en	u:fTCP	1362083041
0.5000	0.6199	0.7166	1.0388	es->en	u:fTCP	1362083041
0.0001	0.6116	0.0561	1.0501	es->en	u:fTCP	1362083041
0.9999	0.0001	274.0000	1.0831	es->en	u:fTCP	1362083041
0.9999	0.2886	274.0000	1.1084	es->en	u:fTCP	1362083041
0.9999	0.0001	274.0000	1.0722	es->en	u:fTCP	1362083041
0.9999	0.0001	274.0000	1.0475	es->en	u:fTCP	1362083041
0.9999	0.6285	274.0000	1.0570	es->en	u:fTCP	1362083041
0.0001	0.0773	0.3023	1.0876	es->en	u:fTCP	1362083041
0.9999	0.6208	274.0000	1.0419	es->en	u:fTCP	1362083041
0.5000	0.0871	4.0163	1.1406	es->en	u:fTCP	1362083041
0.9999	0.6109	274.0000	1.0475	es->en	u:fTCP	1362083041
0.9999	0.0038	274.0000	1.1230	es->en	u:fTCP	1362083041
0.9999	0.0830	274.0000	1.1187	es->en	u:fTCP	1362083041
0.9999	0.6282	274.0000	1.0314	es->en	u:fTCP	1362083041
0.9999	0.0001	274.0000	1.0806	es->en	u:fTCP	1362083041
0.9999	0.0900	274.0000	1.0767	es->en	u:fTCP	1362083041
0.9999	0.6199	274.0000	1.0388	es->en	u:fTCP	1362083041
0.9999	0.6231	274.0000	1.0501	es->en	u:fTCP	1362083041
0.9999	0.6224	274.0000	1.0475	es->en	u:fTCP	1362083041
0.3333	0.1183	2.3604	1.2150	es->en	u:fTCP	1362083041
0.9999	0.9914	90.4897	1.0501	es->en	u:fTCP	1362083041
0.0001	0.0775	0.3023	1.0883	es->en	u:fTCP	1362083041
0.9999	0.6101	274.0000	1.0448	es->en	u:fTCP	1362083041
0.9999	0.9998	1.7649	1.0598	en->es	u:goQl	1362083041
0.8571	0.9998	0.0104	1.0620	en->es	u:goQl	1362083041
0.8333	0.9998	0.0104	1.0620	en->es	u:goQl	1362083041
0.9999	0.0289	274.0000	1.0353	en->de	u:iumJ	1362083040
0.9999	0.9988	13.3167	1.0651	en->de	u:iumJ	1362083040
0.9999	0.8514	274.0000	1.0700	en->de	u:iumJ	1362083040
0.9999	0.9976	25.5104	1.0700	en->de	u:iumJ	1362083040
0.9999	0.0285	274.0000	1.0353	en->de	u:iumJ	1362083040
0.8000	0.0293	16.4826	1.0415	en->de	u:iumJ	1362083040
0.9999	0.0310	274.0000	1.0525	en->de	u:iumJ	1362083040
0.9999	0.0288	274.0000	1.0353	en->de	u:iumJ	1362083040
0.9999	0.0285	274.0000	1.0353	en->de	u:iumJ	1362083040
0.9999	0.7540	274.0000	1.0419	en->de	u:iumJ	1362083040
0.5000	0.0289	5.2958	1.0353	en->de	u:iumJ	1362083040
0.9999	0.0285	274.0000	1.0353	en->de	u:iumJ	1362083040
0.9999	0.0289	274.0000	1.0353	en->de	u:iumJ	1362083040
0.9999	0.0285	274.0000	1.0353	en->de	u:iumJ	1362083040
0.9999	0.2570	274.0000	1.0419	en->de	u:iumJ	1362083040
0.9999	0.0001	274.0000	1.0295	en->es	u:ely5	1362083042
0.0001	0.0001	1.2783	1.0295	en->es	u:ely5	1362083042
0.9999	0.0425	274.0000	1.0872	en->de	u:gYM5	1362083043
0.9999	0.0422	274.0000	1.0847	en->de	u:gYM5	1362083043
0.7500	0.0428	11.9376	1.0902	en->de	u:gYM5	1362083043
0.9999	0.0414	274.0000	1.0787	en->de	u:gYM5	1362083043
0.9999	0.0423	274.0000	1.0861	en->de	u:gYM5	1362083043
0.5000	0.0417	4.9545	1.0806	en->de	u:gYM5	1362083043
0.9999	0.0399	274.0000	1.0660	en->de	u:gYM5	1362083043
0.9999	0.5403	274.0000	1.0268	es->en	u:ijur	1362083044
0.9999	0.5430	274.0000	1.0353	es->en	u:ijur	1362083044
0.9999	0.5411	274.0000	1.0295	es->en	u:ijur	1362083044
0.9999	0.5417	274.0000	1.0314	es->en	u:ijur	1362083044
0.6667	0.5426	1.5592	1.0341	es->en	u:ijur	1362083044
0.9999	0.5403	274.0000	1.0268	es->en	u:ijur	1362083044
0.7500	0.5403	2.1976	1.0268	es->en	u:ijur	1362083044
0.9999	0.9977	25.1093	1.0771	it->en	u:grFL	1362083047
0.9999	0.9977	25.1093	1.0941	it->en	u:grFL	1362083047
0.5000	0.9977	0.0104	1.0789	it->en	u:grFL	1362083047
0.7500	0.9981	0.0104	1.3111	it->en	u:grFL	1362083047
0.9999	0.9976	25.1093	1.0591	it->en	u:grFL	1362083047
0.9999	0.9977	25.1093	1.0898	it->en	u:grFL	1362083047
0.9999	0.9977	25.1093	1.0722	it->en	u:grFL	1362083047
0.9999	0.9976	25.1093	1.0548	it->en	u:grFL	1362083047
0.9999	0.9499	274.0000	1.0503	en->fr	u:iLGp	1362083048
0.9999	0.9501	274.0000	1.0550	en->fr	u:iLGp	1362083048
0.9999	0.9497	274.0000	1.0475	en->fr	u:iLGp	1362083048
0.9999	0.9503	274.0000	1.0591	en->fr	u:iLGp	1362083048
0.9999	0.9496	274.0000	1.0447	en->fr	u:iLGp	1362083048
0.9999	0.9505	274.0000	1.0651	en->fr	u:iLGp	1362083048
0.9999	0.9501	274.0000	1.0553	en->fr	u:iLGp	1362083048
0.9999	0.9496	274.0000	1.0447	en->fr	u:iLGp	1362083048
0.9999	0.9506	274.0000	1.0660	en->fr	u:iLGp	1362083048
0.9999	0.9500	274.0000	1.0529	en->fr	u:iLGp	1362083048
0.9999	0.9504	274.0000	1.0619	en->fr	u:iLGp	1362083048
0.9999	0.3139	274.0000	1.0314	en->fr	u:iHU0	1362083048
0.9999	0.0003	274.0000	1.0388	en->de	u:hAQs	1362083048
0.9999	0.9889	115.2781	1.0314	en->de	u:hAQs	1362083048
0.9999	0.0150	274.0000	1.0419	en->de	u:hAQs	1362083048
0.9999	0.0004	274.0000	1.0631	en->de	u:hAQs	1362083048
0.9999	0.0002	274.0000	1.0719	en->de	u:hAQs	1362083048
0.9999	0.9950	52.3845	1.0353	en->de	u:hAQs	1362083048
0.9999	0.0147	274.0000	1.0388	en->de	u:hAQs	1362083048
0.5000	0.9850	0.0225	1.0314	en->de	u:hAQs	1362083048
0.9999	0.9906	97.3887	1.0314	en->de	u:hAQs	1362083048
0.9999	0.9950	52.3845	1.0353	en->de	u:hAQs	1362083048
0.0001	0.9889	0.0104	1.0314	en->de	u:hAQs	1362083048
0.0001	0.9850	0.0104	1.0295	en->de	u:hAQs	1362083048
0.9999	0.9950	52.3845	1.0388	en->de	u:hAQs	1362083048
0.9999	0.9788	220.9296	1.0295	en->de	u:hAQs	1362083048
0.9999	0.9788	220.9296	1.0314	en->de	u:hAQs	1362083048
0.9999	0.9807	201.0347	1.0314	en->de	u:hAQs	1362083048
0.9999	0.9921	82.6280	1.0419	en->de	u:hAQs	1362083048
0.9999	0.5315	274.0000	1.0268	en->de	u:hAQs	1362083048
0.9999	0.9889	115.2781	1.0314	en->de	u:hAQs	1362083048
0.9999	0.9776	238.1772	1.0501	en->de	u:hAQs	1362083048
0.9999	0.9982	18.5311	1.0525	es->en	u:hC00	1362083046
0.9999	0.6187	274.0000	1.0447	es->en	u:hC00	1362083046
0.9999	0.9982	18.5311	1.0525	es->en	u:hC00	1362083046
0.0001	0.9231	0.0104	1.0353	es->en	u:hC00	1362083046
0.9999	0.0001	274.0000	1.0476	es->en	u:hC00	1362083046
0.9999	0.9953	49.0955	1.0419	es->en	u:hC00	1362083046
0.9999	0.6254	274.0000	1.0529	es->en	u:hC00	1362083046
0.9999	0.9210	274.0000	1.0268	es->en	u:hC00	1362083046
0.9999	0.9982	18.5311	1.0570	es->en	u:hC00	1362083046
0.0001	0.6253	0.0537	1.0525	es->en	u:hC00	1362083046
0.0001	0.9213	0.0104	1.0314	es->en	u:hC00	1362083046
0.9999	0.6267	274.0000	1.0576	es->en	u:hC00	1362083046
0.9999	0.0001	274.0000	1.0353	es->en	u:hC00	1362083046
0.9999	0.6279	274.0000	1.0620	es->en	u:hC00	1362083046
0.5000	0.6222	0.7130	1.0415	es->en	u:hC00	1362083046
0.9999	0.0001	274.0000	1.0353	es->en	u:hC00	1362083046
0.5000	0.6277	0.7130	1.0612	es->en	u:hC00	1362083046
0.9999	0.6310	274.0000	1.0733	es->en	u:hC00	1362083046
0.9999	0.9982	18.5311	1.0548	es->en	u:hC00	1362083046
0.9999	0.6253	274.0000	1.0525	es->en	u:hC00	1362083046
0.5000	0.5326	0.9494	1.0447	es->en	u:hC00	1362083046
0.0001	0.6214	0.0537	1.0388	es->en	u:hC00	1362083046
0.9999	0.0001	274.0000	1.0448	es->en	u:hC00	1362083046
0.5000	0.6260	0.7130	1.0550	es->en	u:hC00	1362083046
0.5000	0.6273	0.7130	1.0598	es->en	u:hC00	1362083046
0.9999	0.9983	18.5311	1.0616	es->en	u:hC00	1362083046
0.9999	0.9982	18.5311	1.0550	es->en	u:hC00	1362083046
0.9999	0.0001	274.0000	1.0475	es->en	u:hC00	1362083046
0.9999	0.6258	274.0000	1.0542	es->en	u:hC00	1362083046
0.9999	0.6188	274.0000	1.0448	es->en	u:hC00	1362083046
0.9999	0.0001	274.0000	1.0353	es->en	u:hC00	1362083046
0.9999	0.0001	274.0000	1.0314	es->en	u:hC00	1362083046
0.9999	0.9983	18.5311	1.0871	es->en	u:hC00	1362083046
0.9999	0.6265	274.0000	1.0568	es->en	u:hC00	1362083046
0.9999	0.2697	274.0000	1.0524	es->en	u:h761	1362083046
0.9999	0.7487	274.0000	1.0388	es->en	u:h761	1362083046
0.5000	0.2079	2.4197	1.0680	es->en	u:h761	1362083046
0.9999	0.0174	274.0000	1.0853	es->en	u:h761	1362083046
0.6667	0.1939	4.2489	1.0503	es->en	u:h761	1362083046
0.9999	0.2661	274.0000	1.0419	es->en	u:h761	1362083046
0.0001	0.7471	0.0326	1.0314	es->en	u:h761	1362083046
0.5000	0.9750	0.0385	1.0529	es->en	u:h761	1362083046
0.9999	0.2076	274.0000	1.0619	es->en	u:h761	1362083046
0.9999	0.9748	266.8162	1.0448	es->en	u:h761	1362083046
0.9999	0.9750	266.8162	1.0529	es->en	u:h761	1362083046
0.6667	0.9750	0.0658	1.0529	es->en	u:h761	1362083046
0.9999	0.7516	274.0000	1.0314	es->en	u:h761	1362083046
0.9999	0.2174	274.0000	1.0991	es->en	u:h761	1362083046
0.9999	0.2132	274.0000	1.0852	es->en	u:h761	1362083046
0.0001	0.2218	0.1821	1.1136	es->en	u:h761	1362083046
0.9999	0.9750	266.8162	1.0525	es->en	u:h761	1362083046
0.9999	0.1919	274.0000	1.0437	es->en	u:h761	1362083046
0.9999	0.1963	274.0000	1.0616	es->en	u:h761	1362083046
0.9999	0.2076	274.0000	1.0668	es->en	u:h761	1362083046
0.0001	0.1947	0.1870	1.0529	es->en	u:h761	1362083046
0.0001	0.0678	0.3053	1.0447	es->en	u:h761	1362083046
0.9999	0.1965	274.0000	1.0623	es->en	u:h761	1362083046
0.9999	0.2670	274.0000	1.0447	es->en	u:h761	1362083046
0.5000	0.1940	2.5270	1.0681	es->en	u:h761	1362083046
0.9999	0.9748	266.8162	1.0470	es->en	u:h761	1362083046
0.9999	0.2128	274.0000	1.0838	es->en	u:h761	1362083046
0.9999	0.7516	274.0000	1.0314	es->en	u:h761	1362083046
0.0001	0.9752	0.0104	1.0619	es->en	u:h761	1362083046
0.9999	0.9995	5.4551	1.0529	en->es	u:f3MB	1362083047
0.9999	0.9983	17.6487	1.0475	en->es	u:f3MB	1362083047
0.9999	0.9955	46.9295	1.0381	en->es	u:f3MB	1362083047
0.0001	0.9845	0.0104	1.0388	en->es	u:f3MB	1362083047
0.9999	0.9983	17.6487	1.0529	en->es	u:f3MB	1362083047
0.9999	0.9983	17.6487	1.0447	en->es	u:f3MB	1362083047
0.0001	0.9983	0.0104	1.0616	en->es	u:f3MB	1362083047
0.9999	0.9983	17.6487	1.0553	en->es	u:f3MB	1362083047
0.0001	0.9995	0.0104	1.0501	en->es	u:f3MB	1362083047
0.9999	0.9856	149.7733	1.0314	en->es	u:f3MB	1362083047
0.9999	0.9995	5.4551	1.0437	en->es	u:f3MB	1362083047
0.5000	0.9983	0.0104	1.0515	en->es	u:f3MB	1362083047
0.0001	0.9983	0.0104	1.0497	en->es	u:f3MB	1362083047
0.9999	0.9995	5.4551	1.0388	en->es	u:f3MB	1362083047
0.9999	0.9983	17.6487	1.0476	en->es	u:f3MB	1362083047
0.6667	0.8078	0.5564	1.0568	en->es	u:imuJ	1362083048
0.6667	0.8079	0.5564	1.0576	en->es	u:imuJ	1362083048
0.9999	0.8096	274.0000	1.0680	en->es	u:imuJ	1362083048
0.9999	0.8089	274.0000	1.0640	en->es	u:imuJ	1362083048
0.9999	0.8101	274.0000	1.0716	en->es	u:imuJ	1362083048
0.5000	0.8085	0.3255	1.0616	en->es	u:imuJ	1362083048
0.8333	0.8102	1.2374	1.0719	en->es	u:imuJ	1362083048
0.9999	0.8847	274.0000	1.0419	en->es	u:iJFn	1362083050
0.8000	0.4312	3.8885	1.0314	en->es	u:h-ee	1362083052
0.7500	0.4325	3.0162	1.0353	en->es	u:h-ee	1362083052
0.9999	0.4295	274.0000	1.0268	en->es	u:h-ee	1362083052
0.9999	0.4312	274.0000	1.0314	en->es	u:h-ee	1362083052
0.9999	0.4312	274.0000	1.0314	en->es	u:h-ee	1362083052
0.5000	0.4305	1.2518	1.0295	en->es	u:h-ee	1362083052
0.9999	0.4295	274.0000	1.0268	en->es	u:h-ee	1362083052
0.0001	0.1858	0.1919	1.0501	en->es	u:iAF5	1362083050
0.9999	0.2607	274.0000	1.0353	en->es	u:iAF5	1362083050
0.9999	0.2723	274.0000	1.0353	en->es	u:iAF5	1362083050
0.9999	0.2710	274.0000	1.0314	en->es	u:iAF5	1362083050
0.9999	0.2736	274.0000	1.0419	en->es	u:iAF5	1362083050
0.5000	0.2719	1.9430	1.0341	en->es	u:iAF5	1362083050
0.9999	0.2710	274.0000	1.0314	en->es	u:iAF5	1362083050
0.9999	0.2639	274.0000	1.0448	en->es	u:iAF5	1362083050
0.9999	0.2726	274.0000	1.0388	en->es	u:iAF5	1362083050
0.9999	0.2726	274.0000	1.0388	en->es	u:iAF5	1362083050
0.6667	0.2719	3.3215	1.0341	en->es	u:iAF5	1362083050
0.5000	0.1893	2.5498	1.0619	en->es	u:iAF5	1362083050
0.9999	0.2607	274.0000	1.0353	en->es	u:iAF5	1362083050
0.9999	0.1842	274.0000	1.0448	en->es	u:iAF5	1362083050
0.9999	0.1832	274.0000	1.0415	en->es	u:iAF5	1362083050
0.9999	0.2710	274.0000	1.0314	en->es	u:iAF5	1362083050
0.9999	0.1834	274.0000	1.0419	en->es	u:iAF5	1362083050
0.9999	0.2726	274.0000	1.0388	en->es	u:iAF5	1362083050
0.9999	0.2630	274.0000	1.0419	en->es	u:iAF5	1362083050
0.0001	0.1839	0.1926	1.0475	en->es	u:iAF5	1362083050
0.9999	0.1851	274.0000	1.0503	en->es	u:iAF5	1362083050
0.9999	0.1814	274.0000	1.0353	en->es	u:iAF5	1362083050
0.9999	0.2719	274.0000	1.0341	en->es	u:iAF5	1362083050
0.9999	0.2726	274.0000	1.0388	en->es	u:iAF5	1362083050
0.9999	0.1873	274.0000	1.0553	en->es	u:iAF5	1362083050
0.9999	0.0734	274.0000	1.0476	en->es	u:iAF5	1362083050
0.9999	0.2630	274.0000	1.0419	en->es	u:iAF5	1362083050
0.9999	0.2619	274.0000	1.0388	en->es	u:iAF5	1362083050
0.9999	0.1843	274.0000	1.0476	en->es	u:iAF5	1362083050
0.9999	0.2607	274.0000	1.0353	en->es	u:iAF5	1362083050
0.7500	0.5613	2.0609	1.0268	es->en	u:iKNS	1362083052
0.9999	0.5640	274.0000	1.0353	es->en	u:iKNS	1362083052
0.9999	0.5622	274.0000	1.0295	es->en	u:iKNS	1362083052
0.9999	0.5636	274.0000	1.0341	es->en	u:iKNS	1362083052
0.9999	0.5613	274.0000	1.0268	es->en	u:iKNS	1362083052
0.9999	0.5681	274.0000	1.0486	es->en	u:iKNS	1362083052
0.9999	0.5628	274.0000	1.0314	es->en	u:iKNS	1362083052
0.9999	0.4916	274.0000	1.0353	en->es	u:iDfj	1362083052
0.9999	0.9919	84.5533	1.0341	en->es	u:iDfj	1362083052
0.9999	0.9977	23.9060	1.0388	en->es	u:iDfj	1362083052
0.9999	0.9918	84.5533	1.0314	en->es	u:iDfj	1362083052
0.9999	0.4858	274.0000	1.0548	en->es	u:iDfj	1362083052
0.9999	0.4957	274.0000	1.0475	en->es	u:iDfj	1362083052
0.9999	0.9918	84.5533	1.0314	en->es	u:iDfj	1362083052
0.9999	0.4850	274.0000	1.0525	en->es	u:iDfj	1362083052
0.9999	0.4824	274.0000	1.0448	en->es	u:iDfj	1362083052
0.9999	0.4865	274.0000	1.0570	en->es	u:iDfj	1362083052
0.9999	0.4916	274.0000	1.0353	en->es	u:iDfj	1362083052
0.9999	0.9977	23.9060	1.0388	en->es	u:iDfj	1362083052
0.9999	0.4842	274.0000	1.0501	en->es	u:iDfj	1362083052
0.9999	0.9920	84.5533	1.0475	en->es	u:iDfj	1362083052
0.9999	0.9919	84.5533	1.0341	en->es	u:iDfj	1362083052
0.0001	0.9977	0.0104	1.0388	en->es	u:iDfj	1362083052
0.9999	0.4939	274.0000	1.0419	en->es	u:iDfj	1362083052
0.9999	0.5042	274.0000	1.0733	en->es	u:iDfj	1362083052
0.9999	0.4815	274.0000	1.0419	en->es	u:iDfj	1362083052
0.9999	0.4916	274.0000	1.0353	en->es	u:iDfj	1362083052
0.9999	0.4824	274.0000	1.0448	en->es	u:iDfj	1362083052
0.9999	0.4916	274.0000	1.0353	en->es	u:iDfj	1362083052
0.5000	0.9977	0.0104	1.0381	en->es	u:iDfj	1362083052
0.9999	0.4824	274.0000	1.0448	en->es	u:iDfj	1362083052
0.9999	0.9918	84.5533	1.0314	en->es	u:iDfj	1362083052
0.9999	0.9918	84.5533	1.0268	en->es	u:iDfj	1362083052
0.9999	0.4928	274.0000	1.0388	en->es	u:iDfj	1362083052
0.9999	0.4842	274.0000	1.0501	en->es	u:iDfj	1362083052
0.9999	0.4865	274.0000	1.0570	en->es	u:iDfj	1362083052
0.9999	0.4824	274.0000	1.0448	en->es	u:iDfj	1362083052
0.9999	0.4916	274.0000	1.0353	en->es	u:iDfj	1362083052
0.9999	0.0495	274.0000	1.0295	en->es	u:irTu	1362083052
0.9999	0.0303	274.0000	1.0295	en->es	u:irTu	1362083052
0.9999	0.0493	274.0000	1.0295	en->es	u:irTu	1362083052
0.9999	0.0585	274.0000	1.0353	en->es	u:irTu	1362083052
0.0001	0.0303	0.3910	1.0295	en->es	u:irTu	1362083052
0.9999	0.0343	274.0000	1.0295	en->es	u:irTu	1362083052
0.9999	0.0534	274.0000	1.0501	en->es	u:irTu	1362083052
0.9999	0.0271	274.0000	1.0388	en->es	u:irTu	1362083052
0.9999	0.0345	274.0000	1.0314	en->es	u:irTu	1362083052
0.9999	0.0099	274.0000	1.0687	es->en	u:gsUt	1362083055
0.6667	0.1261	5.3350	1.0448	es->en	u:gsUt	1362083055
0.9999	0.0092	274.0000	1.0524	es->en	u:gsUt	1362083055
0.9999	0.0090	274.0000	1.0524	es->en	u:gsUt	1362083055
0.9999	0.9970	31.6072	1.0598	es->en	u:gsUt	1362083055
0.9999	0.0001	274.0000	1.0353	es->en	u:gsUt	1362083055
0.9999	0.1357	274.0000	1.0831	es->en	u:gsUt	1362083055
0.9999	0.0001	274.0000	1.0381	es->en	u:gsUt	1362083055
0.0001	0.1237	0.2330	1.0268	es->en	u:gsUt	1362083055
0.0001	0.0047	0.6087	1.0454	es->en	u:gsUt	1362083055
0.9999	0.0087	274.0000	1.0388	es->en	u:gsUt	1362083055
0.9999	0.1347	274.0000	1.0789	es->en	u:gsUt	1362083055
0.9999	0.9971	31.6072	1.0918	es->en	u:gsUt	1362083055
0.9999	0.0067	274.0000	1.1173	es->en	u:gsUt	1362083055
0.9999	0.0057	274.0000	1.0861	es->en	u:gsUt	1362083055
0.0001	0.9972	0.0104	1.1097	es->en	u:gsUt	1362083055
0.9999	0.0002	274.0000	1.1221	es->en	u:gsUt	1362083055
0.9999	0.0001	274.0000	1.0381	es->en	u:gsUt	1362083055
0.9999	0.1253	274.0000	1.0415	es->en	u:gsUt	1362083055
0.0001	0.9865	0.0104	1.1245	es->en	u:gsUt	1362083055
0.0001	0.9971	0.0104	1.0918	es->en	u:gsUt	1362083055
0.9999	0.1337	274.0000	1.0750	es->en	u:gsUt	1362083055
0.9999	0.1504	274.0000	1.1420	es->en	u:gsUt	1362083055
0.9999	0.0001	274.0000	1.0750	es->en	u:gsUt	1362083055
0.9999	0.0085	274.0000	1.0341	es->en	u:gsUt	1362083055
0.5000	0.9866	0.0220	1.1304	es->en	u:gsUt	1362083055
0.5000	0.9974	0.0104	1.2229	es->en	u:gsUt	1362083055
0.5000	0.0044	8.1013	1.0341	es->en	u:gsUt	1362083055
0.8000	0.0085	22.0932	1.0341	es->en	u:gsUt	1362083055
0.9999	0.9970	32.6501	1.0767	pt->en	u:g8Q3	1362083055
0.9999	0.9969	32.6501	1.0612	pt->en	u:g8Q3	1362083055
0.9999	0.9969	32.6501	1.0529	pt->en	u:g8Q3	1362083055
0.9999	0.9885	127.7124	1.1014	pt->en	u:g8Q3	1362083055
0.9999	0.9971	32.6501	1.1165	pt->en	u:g8Q3	1362083055
0.9999	0.9969	32.6501	1.0524	pt->en	u:g8Q3	1362083055
0.9999	0.9969	32.6501	1.0548	pt->en	u:g8Q3	1362083055
0.9999	0.9969	32.6501	1.0597	pt->en	u:g8Q3	1362083055
0.9999	0.9884	127.7124	1.0962	pt->en	u:g8Q3	1362083055
0.9999	0.9969	32.6501	1.0619	pt->en	u:g8Q3	1362083055
0.9999	0.9971	32.6501	1.1227	pt->en	u:g8Q3	1362083055
0.9999	0.9971	32.6501	1.1322	pt->en	u:g8Q3	1362083055
0.9999	0.9886	127.7124	1.1095	pt->en	u:g8Q3	1362083055
0.9999	0.9969	32.6501	1.0525	pt->en	u:g8Q3	1362083055
0.9999	0.9969	32.6501	1.0612	pt->en	u:g8Q3	1362083055
0.9999	0.9969	32.6501	1.0591	pt->en	u:g8Q3	1362083055
0.9999	0.9883	127.7124	1.0813	pt->en	u:g8Q3	1362083055
0.9999	0.9970	32.6501	1.0722	pt->en	u:g8Q3	1362083055
0.9999	0.9969	32.6501	1.0503	pt->en	u:g8Q3	1362083055
0.9999	0.9972	32.6501	1.1680	pt->en	u:g8Q3	1362083055
0.9999	0.9972	32.6501	1.1620	pt->en	u:g8Q3	1362083055
0.9999	0.9969	32.6501	1.0501	pt->en	u:g8Q3	1362083055
0.9999	0.9969	32.6501	1.0503	pt->en	u:g8Q3	1362083055
0.9999	0.9969	32.6501	1.0548	pt->en	u:g8Q3	1362083055
0.0001	0.9971	0.0104	1.1282	pt->en	u:g8Q3	1362083055
0.9999	0.9969	32.6501	1.0448	pt->en	u:g8Q3	1362083055
0.9999	0.9971	32.6501	1.1109	pt->en	u:g8Q3	1362083055
0.9999	0.9971	32.6501	1.1123	pt->en	u:g8Q3	1362083055
0.5000	0.9969	0.0104	1.0598	pt->en	u:g8Q3	1362083055
0.9999	0.4873	274.0000	1.0353	es->en	u:iJLr	1362083058
0.9999	0.4844	274.0000	1.0268	es->en	u:iJLr	1362083058
0.9999	0.4860	274.0000	1.0314	es->en	u:iJLr	1362083058
0.9999	0.4873	274.0000	1.0353	es->en	u:iJLr	1362083058
0.9999	0.4860	274.0000	1.0314	es->en	u:iJLr	1362083058
0.9999	0.4860	274.0000	1.0314	es->en	u:iJLr	1362083058
0.9999	0.4844	274.0000	1.0268	es->en	u:iJLr	1362083058
0.9999	0.3655	274.0000	1.0353	en->de	u:iujm	1362083061
0.6000	0.2054	3.2047	1.0341	en->de	u:iujm	1362083061
0.9999	0.2081	274.0000	1.0448	en->de	u:iujm	1362083061
0.9999	0.2020	274.0000	1.0268	en->de	u:iujm	1362083061
0.9999	0.3707	274.0000	1.0501	en->de	u:iujm	1362083061
0.9999	0.3664	274.0000	1.0380	en->de	u:iujm	1362083061
0.9999	0.3646	274.0000	1.0295	en->de	u:iujm	1362083061
0.9999	0.2030	274.0000	1.0268	en->de	u:iujm	1362083061
0.5000	0.3646	1.4987	1.0295	en->de	u:iujm	1362083061
0.9999	0.2045	274.0000	1.0341	en->de	u:iujm	1362083061
0.9999	0.3672	274.0000	1.0402	en->de	u:iujm	1362083061
0.9999	0.2062	274.0000	1.0388	en->de	u:iujm	1362083061
0.9999	0.3677	274.0000	1.0295	en->de	u:iujm	1362083061
0.9999	0.3695	274.0000	1.0468	en->de	u:iujm	1362083061
0.9999	0.2047	274.0000	1.0341	en->de	u:iujm	1362083061
0.9999	0.2028	274.0000	1.0268	en->de	u:iujm	1362083061
0.9999	0.2057	274.0000	1.0353	en->de	u:iujm	1362083061
0.9999	0.0102	274.0000	1.0529	en->es	u:f6Qd	1362083060
0.5000	0.0097	6.9644	1.0419	en->es	u:f6Qd	1362083060
0.9999	0.1339	274.0000	1.0501	en->es	u:f6Qd	1362083060
0.9999	0.9948	54.6307	1.0548	en->es	u:f6Qd	1362083060
0.9999	0.0204	274.0000	1.0631	en->es	u:f6Qd	1362083060
0.5000	0.9924	0.0116	1.0525	en->es	u:f6Qd	1362083060
0.9999	0.0097	274.0000	1.0419	en->es	u:f6Qd	1362083060
0.9999	0.0100	274.0000	1.0475	en->es	u:f6Qd	1362083060
0.9999	0.9949	54.6307	1.0598	en->es	u:f6Qd	1362083060
0.9999	0.0099	274.0000	1.0448	en->es	u:f6Qd	1362083060
0.9999	0.1315	274.0000	1.0419	en->es	u:f6Qd	1362083060
0.9999	0.9924	80.2214	1.0525	en->es	u:f6Qd	1362083060
0.9999	0.0198	274.0000	1.0550	en->es	u:f6Qd	1362083060
0.9999	0.0205	274.0000	1.0640	en->es	u:f6Qd	1362083060
0.9999	0.2586	274.0000	1.0529	en->es	u:f6Qd	1362083060
0.9999	0.0101	274.0000	1.0501	en->es	u:f6Qd	1362083060
0.9999	0.9924	80.2214	1.0475	en->es	u:f6Qd	1362083060
0.9999	0.9949	54.6307	1.0705	en->es	u:f6Qd	1362083060
0.9999	0.0097	274.0000	1.0419	en->es	u:f6Qd	1362083060
0.9999	0.9924	80.2214	1.0548	en->es	u:f6Qd	1362083060
0.9999	0.1318	274.0000	1.0419	en->es	u:f6Qd	1362083060
0.9999	0.9948	54.6307	1.0553	en->es	u:f6Qd	1362083060
0.9999	0.9924	80.2214	1.0501	en->es	u:f6Qd	1362083060
0.9999	0.0103	274.0000	1.0548	en->es	u:f6Qd	1362083060
0.9999	0.2569	274.0000	1.0475	en->es	u:f6Qd	1362083060
0.9999	0.9950	54.6307	1.0838	en->es	u:f6Qd	1362083060
0.9999	0.9949	54.6307	1.0616	en->es	u:f6Qd	1362083060
0.5000	0.9949	0.0104	1.0669	en->es	u:f6Qd	1362083060
0.9999	0.9949	54.6307	1.0651	en->es	u:f6Qd	1362083060
0.9999	0.0189	274.0000	1.0419	en->es	u:f6Qd	1362083060
0.9999	0.8496	274.0000	1.0353	en->es	u:hNDE	1362083060
0.9999	0.0156	274.0000	1.0419	en->es	u:hNDE	1362083060
0.9999	0.9980	20.6971	1.0402	en->es	u:hNDE	1362083060
0.9999	0.9987	13.6376	1.0486	en->es	u:hNDE	1362083060
0.9999	0.9963	39.2282	1.0576	en->es	u:hNDE	1362083060
0.9999	0.9987	13.6376	1.0419	en->es	u:hNDE	1362083060
0.9999	0.0149	274.0000	1.0314	en->es	u:hNDE	1362083060
0.9999	0.9970	31.4468	1.0388	en->es	u:hNDE	1362083060
0.9999	0.8483	274.0000	1.0353	en->es	u:hNDE	1362083060
0.9999	0.9987	13.6376	1.0574	en->es	u:hNDE	1362083060
0.9999	0.9987	13.6376	1.0475	en->es	u:hNDE	1362083060
0.9999	0.2258	274.0000	1.0454	en->es	u:hNDE	1362083060
0.0001	0.8483	0.0185	1.0353	en->es	u:hNDE	1362083060
0.9999	0.0150	274.0000	1.0314	en->es	u:hNDE	1362083060
0.9999	0.8482	274.0000	1.0341	en->es	u:hNDE	1362083060
0.9999	0.9987	13.6376	1.0679	en->es	u:hNDE	1362083060
0.9999	0.9963	39.2282	1.0524	en->es	u:hNDE	1362083060
0.9999	0.9980	20.6971	1.0475	en->es	u:hNDE	1362083060
0.9999	0.9970	31.4468	1.0381	en->es	u:hNDE	1362083060
0.9999	0.0152	274.0000	1.0353	en->es	u:hNDE	1362083060
0.9999	0.8510	274.0000	1.0415	en->es	u:hNDE	1362083060
0.0001	0.9980	0.0104	1.0420	en->es	u:hNDE	1362083060
0.9999	0.8483	274.0000	1.0353	en->es	u:hNDE	1362083060
0.9999	0.8529	274.0000	1.0415	en->es	u:hNDE	1362083060
0.0001	0.9789	0.0104	1.0437	en->es	u:g8rs	1362083057
0.9999	0.2676	274.0000	1.0353	en->es	u:g8rs	1362083057
0.9999	0.9873	133.1675	1.0388	en->es	u:g8rs	1362083057
0.9999	0.9923	84.1522	1.0898	en->es	u:g8rs	1362083057
0.9999	0.2696	274.0000	1.0314	en->es	u:g8rs	1362083057
0.9999	0.2664	274.0000	1.0353	en->es	u:g8rs	1362083057
0.0001	0.9921	0.0104	1.0548	en->es	u:g8rs	1362083057
0.5000	0.9921	0.0121	1.0548	en->es	u:g8rs	1362083057
0.9999	0.9966	37.8645	1.1033	en->es	u:g8rs	1362083057
0.9999	0.9825	185.5520	1.0501	en->es	u:g8rs	1362083057
0.9999	0.1425	274.0000	1.0771	en->es	u:g8rs	1362083057
0.9999	0.9965	37.8645	1.0722	en->es	u:g8rs	1362083057
0.9999	0.0743	274.0000	1.0802	en->es	u:g8rs	1362083057
0.9999	0.1424	274.0000	1.0705	en->es	u:g8rs	1362083057
0.9999	0.9839	169.1066	1.0419	en->es	u:g8rs	1362083057
0.9999	0.9873	133.1675	1.0419	en->es	u:g8rs	1362083057
0.0001	0.1453	0.2265	1.0816	en->es	u:g8rs	1362083057
0.9999	0.9823	185.5520	1.0419	en->es	u:g8rs	1362083057
0.9999	0.9919	84.1522	1.0353	en->es	u:g8rs	1362083057
0.9999	0.9964	37.8645	1.0419	en->es	u:g8rs	1362083057
0.9999	0.9965	37.8645	1.0687	en->es	u:g8rs	1362083057
0.9999	0.9965	37.8645	1.0927	en->es	u:g8rs	1362083057
0.9999	0.9919	84.1522	1.0381	en->es	u:g8rs	1362083057
0.9999	0.9964	37.8645	1.0475	en->es	u:g8rs	1362083057
0.9999	0.9964	37.8645	1.0419	en->es	u:g8rs	1362083057
0.9999	0.9965	37.8645	1.0941	en->es	u:g8rs	1362083057
0.9999	0.9920	84.1522	1.0419	en->es	u:g8rs	1362083057
0.9999	0.9984	16.3652	1.0468	en->es	u:hfFB	1362083066
0.9999	0.9984	16.3652	1.0415	en->es	u:hfFB	1362083066
0.9999	0.9984	16.3652	1.0437	en->es	u:hfFB	1362083066
0.9999	0.9984	16.3652	1.0388	en->es	u:hfFB	1362083066
0.9999	0.9984	16.3652	1.0448	en->es	u:hfFB	1362083066
0.9999	0.9984	16.3652	1.0475	en->es	u:hfFB	1362083066
0.6667	0.9984	0.0104	1.0419	en->es	u:hfFB	1362083066
0.9999	0.9994	6.1770	1.0314	en->fr	u:hzKt	1362083061
0.0001	0.2678	0.1481	1.0353	pt->en	u:fVF4	1362083061
0.0001	0.1301	0.2290	1.0341	pt->en	u:fVF4	1362083061
0.9999	0.0013	274.0000	1.0497	pt->en	u:fVF4	1362083061
0.9999	0.0002	274.0000	1.0314	pt->en	u:fVF4	1362083061
0.9999	0.2665	274.0000	1.0353	pt->en	u:fVF4	1362083061
0.9999	0.9909	94.6612	1.0353	pt->en	u:fVF4	1362083061
0.0001	0.0012	0.7569	1.0388	pt->en	u:fVF4	1362083061
0.9999	0.1285	274.0000	1.0353	pt->en	u:fVF4	1362083061
0.9999	0.1285	274.0000	1.0353	pt->en	u:fVF4	1362083061
0.9999	0.0015	274.0000	1.0767	pt->en	u:fVF4	1362083061
0.9999	0.1292	274.0000	1.0381	pt->en	u:fVF4	1362083061
0.9999	0.1351	274.0000	1.0687	pt->en	u:fVF4	1362083061
0.9999	0.0013	274.0000	1.0529	pt->en	u:fVF4	1362083061
0.9999	0.0001	274.0000	1.0591	pt->en	u:fVF4	1362083061
0.9999	0.1304	274.0000	1.0353	pt->en	u:fVF4	1362083061
0.9999	0.0014	274.0000	1.0570	pt->en	u:fVF4	1362083061
0.9999	0.0013	274.0000	1.0447	pt->en	u:fVF4	1362083061
0.9999	0.0002	274.0000	1.1220	pt->en	u:fVF4	1362083061
0.9999	0.9910	94.6612	1.0419	pt->en	u:fVF4	1362083061
0.9999	0.1313	274.0000	1.0388	pt->en	u:fVF4	1362083061
0.9999	0.0001	274.0000	1.0705	pt->en	u:fVF4	1362083061
0.9999	0.1294	274.0000	1.0314	pt->en	u:fVF4	1362083061
0.9999	0.9910	94.6612	1.0419	pt->en	u:fVF4	1362083061
0.9999	0.0201	274.0000	1.0574	pt->en	u:fVF4	1362083061
0.9999	0.0015	274.0000	1.0719	pt->en	u:fVF4	1362083061
0.9999	0.2651	274.0000	1.0314	pt->en	u:fVF4	1362083061
0.9999	0.2651	274.0000	1.0314	pt->en	u:fVF4	1362083061
0.0001	0.0001	1.6860	1.0524	pt->en	u:fVF4	1362083061
0.9999	0.0017	274.0000	1.0912	pt->en	u:fVF4	1362083061
0.9999	0.2645	274.0000	1.0295	pt->en	u:fVF4	1362083061
0.0001	0.0016	0.7572	1.0861	pt->en	u:fVF4	1362083061
0.9999	0.2690	274.0000	1.0388	pt->en	u:fVF4	1362083061
0.5000	0.2690	1.9677	1.0388	pt->en	u:fVF4	1362083061
0.9999	0.0024	274.0000	1.1593	pt->en	u:fVF4	1362083061
0.9999	0.0013	274.0000	1.0548	pt->en	u:fVF4	1362083061
0.9999	0.4109	274.0000	1.0381	en->es	u:hGHa	1362083062
0.9999	0.2432	274.0000	1.0353	en->es	u:hGHa	1362083062
0.9999	0.4123	274.0000	1.0419	en->es	u:hGHa	1362083062
0.9999	0.2444	274.0000	1.0381	en->es	u:hGHa	1362083062
0.9999	0.2446	274.0000	1.0388	en->es	u:hGHa	1362083062
0.9999	0.1229	274.0000	1.0806	en->es	u:hGHa	1362083062
0.9999	0.1209	274.0000	1.0719	en->es	u:hGHa	1362083062
0.9999	0.4086	274.0000	1.0316	en->es	u:hGHa	1362083062
0.9999	0.4151	274.0000	1.0501	en->es	u:hGHa	1362083062
0.9999	0.4112	274.0000	1.0388	en->es	u:hGHa	1362083062
0.9999	0.2419	274.0000	1.0314	en->es	u:hGHa	1362083062
0.9999	0.2419	274.0000	1.0314	en->es	u:hGHa	1362083062
0.9999	0.4159	274.0000	1.0525	en->es	u:hGHa	1362083062
0.5000	0.4092	1.3320	1.0333	en->es	u:hGHa	1362083062
0.9999	0.4116	274.0000	1.0402	en->es	u:hGHa	1362083062
0.9999	0.2419	274.0000	1.0314	en->es	u:hGHa	1362083062
0.9999	0.1179	274.0000	1.0598	en->es	u:hGHa	1362083062
0.0001	0.1157	0.2459	1.0503	en->es	u:hGHa	1362083062
0.9999	0.9981	19.7345	1.0550	en->es	u:htlc	1362083063
0.9999	0.9981	19.7345	1.0475	en->es	u:htlc	1362083063
0.9999	0.9981	19.7345	1.0447	en->es	u:htlc	1362083063
0.9999	0.9981	19.7345	1.0501	en->es	u:htlc	1362083063
0.9999	0.9981	19.7345	1.0501	en->es	u:htlc	1362083063
0.5000	0.9981	0.0104	1.0501	en->es	u:htlc	1362083063
0.9999	0.9981	19.7345	1.0448	en->es	u:htlc	1362083063
0.9999	0.9885	119.1287	1.0268	es->en	u:Fb2	1362083063
0.7500	0.5352	2.2761	1.0476	en->de	u:iofD	1362083065
0.9999	0.3516	274.0000	1.0381	en->de	u:iofD	1362083065
0.9999	0.1720	274.0000	1.0314	en->es	u:irVT	1362083070
0.9999	0.3427	274.0000	1.0448	en->es	u:irVT	1362083070
0.6667	0.3455	2.7595	1.0529	en->es	u:irVT	1362083070
0.9999	0.3454	274.0000	1.0525	en->es	u:irVT	1362083070
0.9999	0.3485	274.0000	1.0529	en->es	u:irVT	1362083070
