p	pp	h	hh	lang	user_id	timestamp
0.9999	0.9999	43.8811	32.0000	en->es	u:mKI	1362082574
0.9999	0.9995	43.8811	8.0000	en->es	u:mKI	1362082574
0.9999	0.9999	20.7773	128.0000	es->en	u:iM9E	1362082567
0.6667	0.9999	0.0104	32.0000	es->en	u:iM9E	1362082567
0.8571	0.9999	0.0135	274.0000	es->en	u:iM9E	1362082567
0.9999	0.9997	20.7773	8.0000	es->en	u:iM9E	1362082567
0.9999	0.9999	20.7773	32.0000	es->en	u:iM9E	1362082567
0.9999	0.9999	20.7773	32.0000	es->en	u:iM9E	1362082567
0.8750	0.9999	0.0156	274.0000	es->en	u:iM9E	1362082567
0.9999	0.9945	274.0000	274.0000	en->es	u:hFnH	1362082568
0.0001	0.6545	0.1841	4.0000	en->es	u:hFnH	1362082568
0.9999	0.6737	274.0000	4.0000	en->es	u:hFnH	1362082568
0.9999	0.8090	274.0000	8.0000	en->es	u:hFnH	1362082568
0.9999	0.9883	274.0000	128.0000	en->es	u:hFnH	1362082568
0.9999	0.9869	274.0000	128.0000	en->es	u:hFnH	1362082568
0.9999	0.8078	274.0000	8.0000	en->es	u:hFnH	1362082568
0.9999	0.8077	274.0000	8.0000	en->es	u:hFnH	1362082568
0.9999	0.6863	274.0000	4.0000	en->es	u:hFnH	1362082568
0.9999	0.8098	274.0000	8.0000	en->es	u:hFnH	1362082568
0.9999	0.9945	274.0000	274.0000	en->es	u:hFnH	1362082568
0.9999	0.9994	46.3679	8.0000	en->it	u:ic5M	1362082568
0.9999	0.9982	73.1619	4.0000	en->it	u:ic5M	1362082568
0.9999	0.9994	46.3679	8.0000	en->it	u:ic5M	1362082568
0.9999	0.9998	27.7566	16.0000	en->it	u:ic5M	1362082568
0.9999	0.9999	27.7566	274.0000	en->it	u:ic5M	1362082568
0.9999	0.9994	46.3679	8.0000	en->it	u:ic5M	1362082568
0.0001	0.9986	0.0104	2.0000	en->it	u:ic5M	1362082568
0.9999	0.9960	161.0845	4.0000	en->it	u:ic5M	1362082568
0.9999	0.9999	27.7566	274.0000	en->it	u:ic5M	1362082568
0.9999	0.9993	27.7566	4.0000	en->it	u:ic5M	1362082568
0.9999	0.9998	274.0000	128.0000	en->it	u:ic5M	1362082568
0.9999	0.9960	161.0845	4.0000	en->it	u:ic5M	1362082568
0.9999	0.9999	265.2920	256.0000	en->it	u:ic5M	1362082568
0.9999	0.9985	123.8618	8.0000	en->it	u:ic5M	1362082568
0.9999	0.9999	27.7566	274.0000	en->it	u:ic5M	1362082568
0.9999	0.9998	27.7566	16.0000	en->it	u:ic5M	1362082568
0.9999	0.9998	27.7566	16.0000	en->it	u:ic5M	1362082568
0.9999	0.9977	46.3679	2.0000	en->it	u:ic5M	1362082568
0.9999	0.9994	46.3679	8.0000	en->it	u:ic5M	1362082568
0.9999	0.9999	27.7566	256.0000	en->it	u:ic5M	1362082568
0.9999	0.9998	27.7566	16.0000	en->it	u:ic5M	1362082568
0.9999	0.9997	27.7566	8.0000	en->it	u:ic5M	1362082568
0.9999	0.9998	27.7566	16.0000	en->it	u:ic5M	1362082568
0.9999	0.9999	46.3679	32.0000	en->it	u:ic5M	1362082568
0.8000	0.3969	8.2819	2.0000	en->es	u:hQtL	1362082570
0.5000	0.7937	2.6662	8.0000	en->es	u:hQtL	1362082570
0.5000	0.7937	2.6662	8.0000	en->es	u:hQtL	1362082570
0.9999	0.3969	274.0000	2.0000	en->es	u:hQtL	1362082570
0.9999	0.3969	274.0000	2.0000	en->es	u:hQtL	1362082570
0.9999	0.6300	274.0000	4.0000	en->es	u:hQtL	1362082570
0.9999	0.3969	274.0000	2.0000	en->es	u:hQtL	1362082570
0.9999	0.9999	15.5629	32.0000	en->fr	u:gg4J	1362082573
0.9999	0.9996	15.5629	4.0000	en->fr	u:gg4J	1362082573
0.7500	0.9992	0.0104	2.0000	en->fr	u:gg4J	1362082573
0.5000	0.9996	0.0104	4.0000	en->fr	u:gg4J	1362082573
0.9999	0.9999	15.5629	274.0000	en->fr	u:gg4J	1362082573
0.9999	0.9999	15.5629	32.0000	en->fr	u:gg4J	1362082573
0.9999	0.9992	15.5629	2.0000	en->fr	u:gg4J	1362082573
0.9999	0.9999	104.5284	274.0000	en->de	u:f3nN	1362082574
0.9999	0.9999	24.5477	274.0000	en->de	u:f3nN	1362082574
0.9999	0.9998	24.5477	16.0000	en->de	u:f3nN	1362082574
0.9999	0.1056	274.0000	16.0000	en->de	u:f3nN	1362082574
0.9999	0.9999	24.5477	274.0000	en->de	u:f3nN	1362082574
0.0001	0.9999	0.0104	274.0000	en->de	u:f3nN	1362082574
0.9999	0.9999	24.5477	274.0000	en->de	u:f3nN	1362082574
0.9999	0.9927	145.6018	2.0000	en->de	u:f3nN	1362082574
0.5000	0.9999	0.0104	274.0000	en->de	u:f3nN	1362082574
0.9999	0.9999	24.5477	274.0000	en->de	u:f3nN	1362082574
0.0001	0.9999	0.0104	274.0000	en->de	u:f3nN	1362082574
0.9999	0.9999	24.5477	274.0000	en->de	u:f3nN	1362082574
0.9999	0.9999	24.5477	274.0000	en->de	u:f3nN	1362082574
0.9999	0.9999	24.5477	274.0000	en->de	u:f3nN	1362082574
0.9999	0.9994	24.5477	4.0000	en->de	u:f3nN	1362082574
0.9999	0.9999	145.6018	274.0000	en->de	u:f3nN	1362082574
0.9999	0.9999	13.8783	274.0000	en->de	u:f3nN	1362082574
0.9999	0.9999	104.5284	274.0000	en->de	u:f3nN	1362082574
0.9999	0.9991	145.6018	16.0000	en->de	u:f3nN	1362082574
0.9999	0.9999	145.6018	274.0000	en->de	u:f3nN	1362082574
0.9999	0.7299	274.0000	64.0000	en->de	u:f3nN	1362082574
0.9999	0.9999	13.8783	32.0000	en->de	u:f3nN	1362082574
0.9999	0.9999	13.8783	274.0000	en->de	u:f3nN	1362082574
0.9999	0.9999	13.8783	64.0000	en->de	u:f3nN	1362082574
0.9999	0.9999	13.8783	16.0000	en->de	u:f3nN	1362082574
0.9999	0.9999	13.8783	274.0000	en->de	u:f3nN	1362082574
0.9999	0.9999	47.4910	274.0000	en->de	u:f3nN	1362082574
0.9999	0.9999	24.5477	256.0000	en->de	u:f3nN	1362082574
0.9999	0.9358	274.0000	0.5000	en->de	u:f3nN	1362082574
0.0001	0.9997	0.0104	32.0000	en->de	u:f3nN	1362082574
0.9999	0.9999	24.5477	64.0000	en->de	u:f3nN	1362082574
0.9999	0.9999	6.2573	274.0000	es->en	u:cS-T	1362082576
0.9999	0.9980	274.0000	274.0000	es->en	u:cS-T	1362082576
0.9999	0.9967	274.0000	274.0000	es->en	u:cS-T	1362082576
0.9999	0.9980	274.0000	274.0000	es->en	u:cS-T	1362082576
0.9999	0.9980	274.0000	274.0000	es->en	u:cS-T	1362082576
0.9999	0.9999	6.2573	274.0000	es->en	u:cS-T	1362082576
0.9999	0.9999	6.2573	274.0000	es->en	u:cS-T	1362082576
0.9999	0.9980	274.0000	274.0000	es->en	u:cS-T	1362082576
0.9999	0.9999	6.2573	274.0000	es->en	u:cS-T	1362082576
0.9999	0.9999	6.2573	274.0000	es->en	u:cS-T	1362082576
0.9999	0.9946	274.0000	274.0000	es->en	u:cS-T	1362082576
